0,0,0,0,0,0
0,0,3,0,0,0
0,3,4,3,0,0
0,0,3,4,3,0
0,0,0,3,0,0
0,0,0,0,0,0
