2,0,0,0,0,2,0,0,0,0,2,0,0,0,0
2,8,0,0,0,2,8,0,0,0,2,8,0,0,0
0,8,0,0,0,0,8,0,0,0,0,8,0,0,0
0,0,0,0,0,0,0,0,0,0,0,0,0,0,0
0,0,0,0,0,0,0,0,0,0,0,0,0,0,0
2,0,0,0,0,2,0,0,0,0,2,0,0,0,0
2,8,0,0,0,2,8,0,0,0,2,8,0,0,0
0,8,0,0,0,0,8,0,0,0,0,8,0,0,0
0,0,0,0,0,0,0,0,0,0,0,0,0,0,0
0,0,0,0,0,0,0,0,0,0,0,0,0,0,0
2,0,0,0,0,2,0,0,0,0,2,0,0,0,0
2,8,0,0,0,2,8,0,0,0,2,8,0,0,0
0,8,0,0,0,0,8,0,0,0,0,8,0,0,0
0,0,0,0,0,0,0,0,0,0,0,0,0,0,0
0,0,0,0,0,0,0,0,0,0,0,0,0,0,0
