0,0,0,0,0,0,0,0,0,0
0,2,2,0,0,0,0,0,0,0
0,2,2,0,0,0,0,0,0,0
2,2,2,0,0,0,0,0,0,0
0,2,2,0,0,0,8,8,0,0
0,0,0,0,0,0,8,8,0,0
0,0,0,0,0,0,0,0,0,0
0,0,0,0,0,0,0,0,0,0
0,0,0,0,0,0,0,0,0,0
